0.0976316
0.0768462
0.0750697
0.0228404
0.0225522
0.0218198
0.0227809
0.0225278
0.0223149
0.0224276
0.0228683
0.0225425
0.0222201
0.0225779
0.0221042
0.0221082
0.0231295
0.0235788
0.0215505
0.0225169
0.0222337
0.0215703
0.0221329
0.0222785
0.0224241
0.0220811
0.0234683
0.0217229
0.0219237
0.0222996
0.0221932
0.0222722
0.0225958
0.022329
0.0221726
0.02266
0.0224463
0.022189
0.0236054
0.0225043
0.0219914
0.0224566
0.0221238
0.0218579
0.0224758
0.0219292
0.0220103
0.0226629
0.022285
0.0220103
0.0225129
0.0221986
0.0220855
0.0224374
0.0223539
0.0219613
0.0224468
0.0221337
0.0223376
0.0225664
0.0222309
0.0220031
0.022412
0.021934
0.0219327
0.022668
0.0222071
0.0219541
0.0226496
0.0222243
0.0219348
0.0228032
0.0224885
0.0220406
0.0226535
0.0223574
0.0224084
0.0232214
0.0225516
0.0219798
0.0225169
0.0225593
0.0229406
0.0222465
0.0226916
0.0223835
0.022258
0.0228861
0.0222106
0.0223196
0.022339
0.0219557
0.0224357
0.0224397
0.0221788
0.0223695
0.022252
0.0214976
0.0215172
0.0219806
0.0212795
0.0212337
0.0220691
0.0218121
0.0215795
0.0222389
0.0220456
0.0218436
0.0220349
0.0219431
0.0218959
0.0221364
0.0219914
0.0219499
0.0219779
0.0217071
0.0217656
0.0214798
0.021784
0.0215147
0.0218177
0.0220756
0.0221293
0.0216264
0.0224603
0.0220051
0.0222107
0.0222977
0.0214647
0.0213416
0.0217051
0.0214016
0.0211251
0.0212301
0.0216362
0.0215062
0.0215399
0.0220174
0.021931
0.0218009
0.0222063
0.0216169
0.0213954
0.0220437
0.0213645
0.0215182
0.0221514
0.0220598
0.0217313
0.0224046
0.02211
0.021639
0.022769
0.0223553
0.0222875
0.0223208
0.0221582
0.0220424
0.0223735
0.0226018
0.0220282
0.0228278
0.0222439
0.0216548
0.0223186
0.0226336
0.0221512
0.0222229
0.0224609
0.0219676
0.0223342
0.0227471
0.0219241
0.0216324
0.022133
0.0221217
0.0218588
0.0227787
0.0217427
0.0219415
0.0227037
0.0223817
0.0223393
0.0228147
0.0224542
0.022271
0.0231077
0.0226559
0.0223665
0.0228908
0.0225186
0.0224657
0.0227871
0.0224951
0.0224288
0.0230389
0.022589
0.0226093
0.0229383
0.0226551
0.0225078
0.0230452
0.0226974
0.0224607
0.0231413
0.0225049
0.0227462
0.0232475
0.0224815
0.022922
0.0228215
0.0227491
0.0223694
0.0230651
0.0234312
0.0232516
0.0232126
0.0233141
0.0229169
0.0227781
0.0230804
0.0230075
0.0235455
0.0226303
0.0226456
0.0235559
0.0228851
0.022806
0.0236559
0.0229798
0.0228543
0.0231571
0.0224977
0.0224889
0.0231749
0.0226421
0.0226018
0.0232501
0.0230316
0.0227389
0.0230954
0.0225199
0.0224784
0.0230683
0.0226819
0.0227748
0.0230953
0.0229992
0.0230599
0.0234446
0.0230947
0.0223265
0.0233118
0.0226627
0.022803
0.0240315
0.0227498
0.0229598
0.0234041
0.0223184
0.0230323
0.0234021
0.022785
0.0225806
0.0234096
0.022978
0.0232163
0.0233396
0.0226957
0.0230587
0.0235611
0.0230505
0.0227058
0.0236032
0.023196
0.0234276
0.0229978
0.0233483
0.0246232
0.0238486
0.0231658
0.0234064
0.0233722
0.0232242
0.0228975
