0.144587
0.16985
0.144582
0.144184
0.124767
0.17904
0.110933
0.0980681
0.0861232
0.0890964
0.0879196
0.0886252
0.0925837
0.0855277
0.0902007
0.0879056
0.0939116
0.093438
0.0962915
0.0918341
0.097608
0.104846
0.100137
0.0982553
0.0988522
0.10226
0.099596
0.0991298
0.0993929
0.103321
0.115556
0.107758
0.106988
0.103053
0.104497
0.102767
0.101435
0.107278
0.105704
0.10519
0.103655
0.100021
0.104666
0.10842
0.10471
0.10213
0.10011
0.1023
0.107531
0.102376
0.102192
0.0997756
0.107159
0.101067
0.103547
0.104002
0.105972
0.100078
0.107214
0.101915
0.106409
0.117417
0.116599
0.112067
0.109915
0.109487
0.105481
0.103461
0.106427
0.106626
0.105462
0.103244
0.103394
0.100308
0.105722
0.104083
0.101858
0.0998224
0.108519
0.131846
0.118055
0.115031
0.111883
0.106513
0.117797
0.11096
0.109919
0.106998
0.112368
0.1069
0.108508
0.108724
0.114669
0.110572
0.106519
0.108494
0.105377
0.101233
0.1073
0.100627
0.104012
0.108119
0.102623
0.104425
0.107232
0.119311
0.111954
0.11779
0.106949
0.104221
0.1022
0.109522
0.10683
0.103725
0.103664
0.109411
0.106131
0.112603
0.107166
0.114558
0.11907
0.117242
0.100654
0.0999903
0.0985653
0.105569
0.102453
0.103326
0.111267
0.109906
0.116749
0.107916
0.109732
0.109661
0.113807
0.112939
0.109321
0.105406
0.111439
0.105435
0.103992
0.104993
0.113069
0.113943
0.120641
0.108533
0.112774
0.122699
0.132038
0.131535
0.13388
0.114675
0.11328
0.110509
0.114284
0.119148
0.113085
0.110376
0.102234
0.101506
0.103947
0.0932012
0.111032
0.0919163
0.0950457
0.094096
0.0971505
0.101574
0.112772
0.107568
0.102604
0.102896
0.109557
0.103999
0.104946
0.103385
0.109224
0.104591
0.13019
0.13304
0.127879
0.113454
0.106876
0.103998
0.0991094
0.107573
0.104273
0.0977439
0.104199
0.105547
0.102832
0.10004
0.103117
0.107541
0.10421
0.103874
0.111706
0.107858
0.115084
0.12078
0.115717
0.115065
0.102348
0.103732
0.101318
0.0972998
0.0984056
0.0921007
0.100025
0.100724
0.107486
0.110723
0.112372
0.104269
0.104475
0.10155
0.108558
0.11025
0.112953
0.105224
0.106465
0.107142
0.106875
0.109499
0.107416
0.104238
0.109514
0.106058
0.106669
0.123339
0.129711
0.123274
0.118643
0.110451
0.110346
0.108686
0.104284
0.109206
0.109894
0.100146
0.105018
0.105971
0.109093
0.101763
0.111916
0.108835
0.107546
0.0962665
0.107502
0.117771
0.102643
0.0989416
0.106802
0.126015
0.13959
0.136502
0.10774
0.116309
0.108238
0.118105
0.0996181
0.101976
0.097621
0.098781
0.10851
0.104077
0.104065
0.109304
0.110002
0.101493
0.10729
0.112194
0.111096
0.109527
0.114907
0.115746
0.107169
0.105651
0.110816
0.105746
0.105708
0.100174
0.104441
0.0997059
0.119251
0.106795
0.115656
0.101999
0.104405
0.106513
0.105258
0.10441
0.11063
0.105557
0.104069
0.100802
0.106385
0.103143
0.117747
0.0974808
0.111009
0.112772
0.113276
0.104959
0.112203
0.106222
0.101284
0.103479
0.0997685
0.0985085
0.105823
0.104514
0.104683
0.112524
0.106827
0.107372
0.112233
0.115685
0.109141
0.101865
0.101205
0.101683
0.102765
0.0964137
0.103244
0.0979396
0.103647
0.0987674
0.107449
0.104896
0.107481
0.105679
0.107775
0.105107
0.10482
0.108082
0.109862
0.104017
0.101859
0.104082
0.101981
0.0983421
0.0999098
0.0974225
0.10269
0.0996885
0.109284
0.120628
0.123804
0.125873
0.118608
0.112599
0.110395
0.107616
0.113627
0.1057
0.104075
0.102637
0.106105
0.0982399
0.114713
0.100063
0.0987313
0.0979411
0.0997463
0.0963006
0.100863
0.102811
0.109498
0.10045
0.104725
0.10093
0.103943
0.104457
0.103169
0.104298
0.118251
0.115247
0.118324
0.104664
0.100113
0.0991649
0.100868
0.105817
0.100307
0.100866
0.0999568
0.101403
0.106339
0.103634
0.116493
0.11373
0.109132
0.107195
0.106451
0.109066
0.10474
0.101647
0.105322
0.0912354
0.104224
0.0935251
0.0968737
0.0911499
0.0923922
0.0923348
0.0993101
0.109716
0.120786
0.108448
0.101729
0.110173
0.109252
0.105738
0.11463
0.110342
0.108258
0.108371
0.116429
0.116141
0.118348
0.105753
0.100088
0.100689
0.102342
0.0976262
0.0960098
0.0941089
0.101458
0.0977039
0.0986667
0.111302
0.131873
0.135574
0.125498
0.125521
0.12531
0.144826
0.118707
0.131134
0.100667
0.093855
0.105369
0.0971933
0.107628
0.0930631
0.0931872
0.0925109
0.108286
0.10949
0.145409
0.112407
0.10684
0.10372
0.112041
0.109143
0.110446
0.108039
0.108526
0.11293
0.130122
0.11883
0.118132
0.123538
0.123201
0.11585
0.128354
0.121016
0.143776
0.113316
0.112154
0.114061
0.110334
0.109197
0.11812
0.108348
0.116396
0.113621
0.11132
0.107708
0.1186
0.112838
0.113365
0.114361
0.109823
0.118316
0.112536
0.104666
0.108198
0.102249
0.106566
0.118236
0.117543
0.116485
0.129957
0.130648
0.157886
0.115379
0.12219
0.115203
0.120573
0.122253
0.121081
0.116358
0.11749
0.105052
0.109647
0.111994
0.110015
0.109127
0.121474
0.118345
0.117205
0.115527
0.111968
0.108337
0.113633
0.11029
0.113994
0.106859
0.112938
0.105061
0.108302
0.115722
0.11206
0.112413
0.111431
0.102944
0.114071
0.105755
0.104066
0.108617
0.10888
0.10459
0.110738
0.104839
0.111334
0.101787
0.115826
0.110742
0.10866
0.105119
0.0979037
0.0911698
0.0968826
0.100606
0.09831
0.101145
0.10161
0.100844
0.0996154
0.0994353
0.102601
0.122773
0.114729
0.117259
0.117515
0.113118
0.105569
0.106193
0.10826
0.104912
0.116432
0.107531
0.112831
0.11031
0.10248
0.097786
0.104624
0.0988564
0.102907
0.108104
0.100996
0.104456
0.100551
0.110324
0.109679
0.11535
0.108973
0.1127
0.106006
0.104001
0.106755
0.121181
0.120481
0.130955
0.115271
0.105475
0.109935
0.108943
0.101322
0.108235
0.107467
0.11459
0.106472
0.1057
0.108182
0.106235
0.110335
0.111251
0.109245
0.111999
0.105938
0.102407
0.103155
0.103787
0.105801
0.100281
0.0974984
0.101373
0.103251
0.0974764
0.100421
0.10505
0.111351
0.114412
0.111654
0.103224
0.109802
0.106525
0.102219
0.10387
0.100931
0.104213
0.101852
0.10244
0.102951
0.104857
0.109004
0.104637
0.110283
0.111897
0.107179
0.111383
0.112832
0.108076
0.11371
0.101967
0.110382
0.101986
0.107894
0.10363
0.108411
0.105864
0.110833
0.109443
0.114777
0.098326
0.098009
0.0997681
0.0969196
0.0981889
0.105731
0.107636
0.104774
0.112121
0.10512
0.109048
0.107107
0.107131
0.110811
0.108873
0.106954
0.100663
0.102121
0.100881
0.11144
0.103923
0.104158
0.0994926
0.105204
0.097504
0.1173
0.126985
0.125074
0.123573
0.112008
0.110223
0.108252
0.110437
0.10947
0.126576
0.149006
0.112685
0.106939
0.130411
0.109602
0.106057
0.106461
0.0990314
0.115244
0.119194
0.112767
0.10511
0.111196
0.105206
0.11428
0.111612
0.126029
0.116711
0.108284
0.103966
0.118842
0.120293
0.126746
0.112588
0.111185
0.110695
0.121319
0.103894
0.10279
0.0996453
0.117594
0.114219
0.127397
0.114154
0.113969
0.115841
0.118315
0.113782
0.123606
0.106737
0.110072
0.125677
0.114645
0.105129
0.108591
0.112398
0.106501
0.127189
0.127085
0.116973
0.107474
0.110031
0.107196
0.0988738
0.110256
0.119915
0.115635
0.10654
0.115562
0.125429
0.114227
0.115751
0.115494
0.118191
0.129095
0.127955
0.116723
0.109738
0.122265
0.118845
0.125121
0.1288
0.15476
0.111389
0.110752
0.11277
0.124049
0.10463
0.116134
0.106851
0.115984
0.105314
0.112931
0.102715
0.105628
0.102868
0.100546
0.102855
0.0996798
0.0976438
0.101721
0.101908
0.115822
0.117924
0.111545
0.104218
0.117022
0.133245
0.112804
0.118706
0.120122
0.108721
0.126733
0.125073
0.115647
0.115194
0.116735
0.111799
0.107555
0.105281
0.107612
0.104107
0.106096
0.100524
0.113496
0.101884
0.114248
0.103654
0.108247
0.103005
0.116023
0.106213
0.109576
0.101612
0.113997
0.099287
0.105952
0.104136
0.116249
0.109682
0.114175
0.110789
0.119142
0.104216
0.10493
0.0960239
0.102806
0.0992157
0.108266
0.104577
0.106042
0.10545
0.101781
0.10327
0.104067
0.103203
0.103623
0.101202
0.104066
0.101498
0.106579
0.100774
0.108696
0.0959188
0.114723
0.099204
0.109041
0.0983627
0.110888
0.120015
0.129388
0.113603
0.114038
0.10738
0.105357
0.103703
0.108191
0.100714
0.105857
0.0964054
0.10992
0.0979937
0.106717
0.103268
0.111463
0.102718
0.109197
0.104522
0.121465
0.105467
0.117362
0.106734
0.113685
0.108343
0.108964
0.110344
0.105836
0.103614
0.11891
0.118902
0.121854
0.105731
0.11314
0.104943
0.11168
0.103976
0.108856
0.101972
0.106741
0.104415
0.110866
0.109012
0.114286
0.103643
0.108
0.101292
0.105752
0.101418
0.106452
0.102719
0.108989
0.125416
0.107565
0.10471
0.112871
0.104498
0.109769
0.101339
0.124206
0.112484
0.114308
0.119223
0.121568
0.119703
0.117564
0.105289
0.10933
0.104911
0.110312
0.104812
0.106452
0.0980021
0.105272
0.105951
0.100664
0.0979856
0.101916
0.120566
0.102113
0.10764
0.110534
0.120101
0.108423
0.104798
0.112649
0.115035
0.127194
0.104162
0.112412
0.107488
0.128825
0.110651
0.107693
0.0996435
0.10156
0.107845
0.115973
0.10607
0.111807
0.105018
0.100275
0.101562
0.108341
0.10646
0.114936
0.102587
0.108703
0.104173
0.101582
0.0927869
0.1082
0.107153
0.111922
0.098724
0.0968892
0.0970294
0.0994488
0.0924864
0.105722
0.100663
0.101412
0.0930742
0.0987462
0.0993941
0.0947886
0.0982835
0.103272
0.0962135
0.093599
0.0924171
0.10866
0.0958593
0.0930236
0.0901064
0.0945282
0.0884283
0.0948039
0.0975722
0.0997586
0.0950312
0.104524
0.0998161
0.104977
0.104829
0.0970128
0.092475
0.0960983
0.0910426
0.105488
0.096085
0.0984718
0.0891243
0.0924988
0.0930408
0.0971733
0.0883091
0.092134
0.0873049
0.0880096
0.0868865
0.0931617
0.0908019
0.0973926
0.0982651
0.0980271
0.094594
0.101624
0.0963077
0.0987284
0.097381
0.101075
0.0902604
0.0952135
0.0987549
0.103407
0.100254
0.0923063
0.0884446
0.104595
0.0970274
0.0975737
0.0918505
0.0952572
0.0951856
0.0989016
0.0902399
0.0928788
0.0918471
0.0952995
0.0941118
0.0998542
0.0882621
0.0961101
0.090149
0.0920111
0.0899909
0.0946096
0.0912655
0.0896279
0.0836014
0.0908347
0.086212
0.0942038
0.0931921
0.107561
0.0992182
0.0928119
0.0917474
0.107504
0.096785
0.0959447
0.0907752
0.0929601
0.0881591
0.0901959
0.0919313
0.0874088
0.0823328
0.0936134
0.0889656
0.0948764
0.0905381
0.0913847
0.0939938
0.10225
0.086
0.0937031
0.0915876
0.0935925
0.095001
0.0995729
0.0896075
0.0937593
0.092921
0.0990165
0.100482
0.0951193
0.0901495
0.0989297
0.0997778
0.0964789
0.0892742
0.097266
0.0969885
0.0973358
0.0899845
0.091094
0.0898562
0.0943252
0.0903059
0.0955074
0.0947988
0.0946956
0.0909905
0.0944595
0.0922624
0.0971851
0.0958385
0.0937384
0.0853802
0.0879902
0.086644
0.0934484
0.0908655
0.0986765
0.0968765
0.0988146
0.0915325
0.0994503
0.101126
0.0964283
0.0900531
0.0973751
0.0963591
0.0968324
0.0902543
0.0909159
0.0902251
0.0917853
0.0935791
0.102376
0.0941111
0.0948686
0.0962184
0.107492
0.0999297
0.0993948
0.0938988
0.112124
0.100275
0.104679
0.102881
0.10671
0.0944622
0.100029
0.100029
0.0976682
0.0891685
0.0936829
0.086112
0.0915199
0.088228
0.0875724
0.0835419
0.0876443
0.0872346
0.0913701
0.0896159
0.0917729
0.0895096
0.0879767
0.0896788
0.0893389
0.0887158
0.0925387
0.0933784
0.103322
0.104435
0.100225
0.0853755
0.0997596
0.100552
0.0990389
0.0960412
0.0957265
0.096581
0.0993342
0.10062
0.105636
0.130847
0.120832
0.115276
0.103206
0.120642
0.107647
0.11586
0.11616
0.133196
0.109388
0.105143
0.107378
0.108295
0.110835
0.103984
0.10484
0.100192
0.109959
0.114327
0.113237
0.107856
0.106638
0.117088
0.104
0.109012
0.105443
0.108944
0.106935
0.103878
0.117089
0.104432
0.112455
0.104979
0.10635
0.0941476
0.0928751
0.0826699
0.0908312
0.0883811
0.095066
0.0930798
0.0945509
0.0918513
0.0915292
0.107742
0.0907828
0.0857337
0.0884217
0.0884875
0.0869742
0.0824685
0.087603
0.0898781
0.0919625
0.0921779
0.0862366
0.0869044
0.0919701
0.0872911
0.0945449
0.0936977
0.0945283
0.0928213
0.0881904
0.0896939
0.0925231
0.091732
0.0905327
0.0938164
0.0960399
0.093196
0.0943093
0.0927952
0.0930476
0.101679
0.0932732
0.0929899
0.0946743
0.0976224
0.0973935
0.0937864
0.0970578
0.0983322
0.101854
0.0913225
0.0929278
0.0919159
0.0962637
0.0940548
0.106749
0.106112
0.0951974
0.091495
0.0935635
0.0952888
0.0926669
0.0943685
0.0991012
0.0935883
0.0981832
0.0914465
0.0916212
0.0915769
0.0924023
0.0942172
0.0959509
0.0942173
0.0929312
0.0928434
0.0963876
0.092018
0.0932956
0.0976671
0.0976989
0.0971366
0.0963944
0.118635
0.12165
0.0987327
0.102772
0.110732
0.106256
0.0965447
0.107453
0.103394
0.0981627
0.097972
0.0959224
0.121318
0.102619
0.0981
0.103062
0.112067
0.101876
0.0996919
0.110724
0.10143
0.0973883
0.0976632
0.11249
0.092634
0.100862
0.111529
0.109685
0.105775
0.105489
0.116721
0.10207
0.103067
0.131266
0.108231
0.107007
0.122088
0.102341
0.102889
0.102638
0.0979119
0.103233
0.100762
0.0973171
0.100235
0.0998589
0.0927298
0.0992191
0.0927894
0.105103
0.0968757
0.0948771
0.0976577
0.0974189
0.0964411
0.104868
0.0956101
0.0991136
0.095832
0.102262
0.101633
0.0975362
0.0985614
0.104834
0.0988227
0.101304
0.100998
0.118675
0.107539
0.10297
0.0963706
0.0946521
0.0938972
0.0967339
0.0955599
0.104006
0.0951727
0.0952575
0.0938269
0.0970627
0.0949721
0.101017
0.100682
0.100372
0.105012
0.106047
0.102029
0.105897
0.10089
0.0997162
0.101278
0.101692
0.0966724
0.108651
0.106922
0.104328
0.098321
0.103281
0.100109
0.101215
0.0960775
0.103039
0.0966395
0.0975285
0.094093
0.096313
0.10121
0.104594
0.0984834
0.105998
0.0985577
0.1027
0.0954129
0.0963513
0.0987297
0.100047
0.0971891
0.096596
0.0962015
0.0993548
0.10105
0.100611
0.0919458
0.0992392
0.100397
0.0991858
0.0888927
0.0911156
0.0902449
0.092755
0.0909273
0.0965568
0.0921881
0.0928625
0.0934118
0.0952465
0.0995299
0.100403
0.0987557
0.0945148
0.0911723
0.0941466
0.0888102
0.0917113
0.0882857
0.0913752
0.0852021
0.0894515
0.0916661
0.0938141
0.0901281
0.0946646
0.092199
0.0950681
0.0981895
0.10089
0.103415
0.0951339
0.102028
0.104191
0.0926445
0.0929384
0.086087
0.0887719
0.0864515
0.0889865
0.0841755
0.0846112
0.0784742
0.0834852
0.0826436
0.0886309
0.0874716
0.091502
0.0948037
0.0940424
0.0959983
0.0988105
0.099974
0.110449
0.0955764
0.0968846
0.0962165
0.104566
0.106571
0.0855037
0.0856637
0.0893424
0.0883819
0.0947915
0.0877451
0.0922121
0.109436
0.106556
0.0952376
0.0914475
0.0879211
0.095225
0.0934819
0.109474
0.111584
0.0930436
0.098599
0.099514
0.094707
0.0991398
0.102168
0.0889151
0.0972438
0.0941969
0.0857094
0.0956429
0.0873759
0.0994884
0.0977274
0.103236
0.0969331
0.0999085
0.0937132
0.0975167
0.0939571
0.0923344
0.094955
0.0940312
0.101358
0.0975857
0.0961438
0.104537
0.112391
0.118828
0.116947
0.116066
0.109065
0.131706
0.108219
0.111641
0.112986
0.107646
0.105243
0.114278
0.102855
0.1216
0.119253
0.121611
0.11333
0.101511
0.106606
0.106115
0.118011
0.113855
0.104094
0.124559
0.128316
0.110294
0.107376
0.1175
0.116118
0.113441
0.113273
0.110173
0.119464
0.114639
0.109263
0.115497
0.10809
0.109829
0.112716
0.113091
0.132175
0.107676
0.10679
0.107938
0.106304
0.120881
0.118071
0.123277
0.113227
0.112609
0.122068
0.116814
0.117841
0.110715
0.104797
0.119012
0.110427
0.119211
0.10625
0.111566
0.101487
0.104997
0.107541
0.118521
0.101403
0.108841
0.0998216
0.10595
0.101549
0.105501
0.0977706
0.0934268
0.103303
0.119019
0.0992755
0.106041
0.0986348
0.100372
0.101105
0.0988689
0.0906258
0.0981846
0.0948267
0.0963653
0.0932473
0.0986519
0.100955
0.108857
0.0957881
0.0972261
0.0984855
0.10014
0.102324
0.101727
0.098434
0.0989021
0.0942953
0.10337
0.117764
0.10673
0.105641
0.107309
0.0985282
0.111867
0.116653
0.12014
0.10773
0.107558
0.111696
0.104917
0.10265
0.0987576
0.0937956
0.0973509
0.0967792
0.101547
0.101395
0.101202
0.0925374
0.100485
0.0988413
0.103474
0.115648
0.112386
0.112891
0.108415
0.1073
0.123357
0.111669
0.107513
0.112125
0.109509
0.111206
0.116339
0.109943
0.14302
0.11984
0.131817
0.107281
0.110275
0.105258
0.111459
0.1047
0.104816
0.0984452
0.109575
0.100379
0.100541
0.102571
0.10544
0.126374
0.127827
0.108695
0.1115
0.10981
0.112052
0.114865
0.110354
0.111638
0.113068
0.107016
0.112118
0.112
0.108372
0.105522
0.119498
0.10846
0.107863
0.106442
0.101775
0.102517
0.105275
0.10705
0.106647
0.101841
0.102951
0.0968481
0.102014
0.115644
0.0987469
0.0955618
0.115676
0.0999449
0.112967
0.119594
0.109902
0.0978321
0.101529
0.108017
0.101304
0.0987342
0.12673
0.100104
0.107159
0.115264
0.109973
0.105086
0.123512
0.116576
0.108843
0.105424
0.112284
0.110714
0.107569
0.098101
0.103703
0.106498
0.106243
0.108176
0.108594
0.101936
0.119544
0.123412
0.140893
0.120078
0.118469
0.113464
0.117575
0.111684
0.139506
0.112667
0.126482
0.123808
0.154381
0.126614
0.1538
0.149584
0.135768
0.12293
0.144373
0.126186
0.164206
0.115654
0.126359
0.123799
0.118739
0.119792
0.125783
0.132126
0.14085
0.122061
0.183632
0.113321
0.190563
0.105687
0.110257
0.123051
0.131152
0.131548
0.151282
0.143276
0.150595
0.127858
0.141431
0.127434
0.117197
0.107549
0.111219
0.106361
0.110384
0.109146
0.129823
0.149191
0.124135
0.123591
0.121233
0.121361
0.112493
0.0970318
0.0971889
0.0963044
0.103542
0.10097
0.102807
0.0989374
0.0980911
0.106611
0.109971
0.100148
0.105204
0.103143
0.106562
0.101431
0.101626
0.100077
0.109422
0.106099
0.0980249
0.0949637
0.100128
0.101873
0.115159
0.10069
0.0990624
0.0961884
0.101034
0.101282
0.106886
0.101301
0.105496
0.105159
0.102827
0.10775
0.110765
0.112777
0.115407
0.113124
0.118912
0.109849
0.10977
0.111632
0.121578
0.119435
0.123069
0.125271
0.138202
0.112546
0.116708
0.113901
0.115607
0.118632
0.111854
0.112962
0.113742
0.114947
0.113838
0.108963
0.114355
0.108062
0.107338
0.105652
0.113619
0.108485
0.10723
0.106862
0.118591
0.110116
0.113109
0.108068
0.117762
0.116921
0.121751
0.1145
0.116673
0.113511
0.127186
0.117952
0.124859
0.112615
0.117726
0.122144
0.113868
0.109801
0.108273
0.106722
0.121654
0.109149
0.109671
0.10678
0.11105
0.122803
0.123474
0.132602
0.122991
0.11995
0.11848
0.11561
0.12238
0.110785
0.113807
0.109546
0.114249
0.123287
0.112851
0.12038
0.120482
0.120155
0.112853
0.120172
0.114906
0.114318
0.117816
0.113973
0.114996
0.112197
0.11548
0.127877
0.125823
0.125034
0.113943
0.114195
0.11373
0.11254
0.122745
0.117297
0.123361
0.109053
0.114135
0.110258
0.113797
0.120269
0.111802
0.122927
0.116273
0.120574
0.120799
0.127124
0.141159
0.118915
0.12221
0.129767
0.123967
0.114214
0.121589
0.116265
0.117228
0.118042
0.11857
0.118843
0.115024
0.115259
0.123139
0.12837
0.125839
0.139675
0.129633
0.129282
0.130448
0.119349
0.128049
0.119421
0.12016
0.116569
0.119594
0.11966
0.119367
0.116368
0.11652
0.121233
0.119366
0.117101
0.113682
0.124229
0.117665
0.11836
0.112004
0.114916
0.113533
0.110097
0.109286
0.10625
0.114433
0.115369
0.112968
0.115384
0.124149
0.127188
0.117459
0.125793
0.117003
0.122186
0.112568
0.116444
0.123814
0.115444
0.120902
0.114778
0.1159
0.116347
0.11343
0.1157
0.113119
0.115484
0.120384
0.120385
0.12069
0.114335
0.11567
0.115576
0.112364
0.114871
0.116349
0.116767
0.119573
0.113981
0.121435
0.124289
0.129721
0.158772
0.122386
0.114088
0.120554
0.113418
0.113803
0.111432
0.124763
0.115512
0.123838
0.112283
0.117088
0.115078
0.111683
0.10803
0.118129
0.109227
0.116154
0.112708
0.112439
0.113013
0.132133
0.124106
0.12675
0.110206
0.113899
0.112719
0.132306
0.111357
0.122964
0.115601
0.115901
0.11128
0.110037
0.106376
0.11446
0.111924
0.113151
0.111903
0.115659
0.107176
0.113763
0.113954
0.110052
0.10198
0.107284
0.108279
0.113313
0.106231
0.106026
0.10477
0.114541
0.105434
0.104438
0.106987
0.109982
0.104279
0.106911
0.103742
0.107541
0.112709
0.158667
0.106849
0.109421
0.106455
0.109152
0.108172
0.12203
0.109931
0.111158
0.112203
0.110416
0.110203
0.113184
0.103953
0.104047
0.105536
0.105913
0.104354
0.112363
0.103536
0.103317
0.10001
0.103462
0.103506
0.108964
0.107273
0.107259
0.101069
0.10182
0.103027
0.112865
0.115609
0.105706
0.116978
0.146267
0.1221
0.11685
0.114815
0.10475
0.0995485
0.105578
0.111828
0.112302
0.108935
0.112588
0.108464
0.112049
0.111253
0.109204
0.108808
0.110754
0.106869
0.113908
0.103729
0.105367
0.105372
0.10594
0.100985
0.104258
0.102422
0.108295
0.114906
0.148146
0.127336
0.129125
0.114855
0.145973
0.140049
0.140623
0.133848
0.127553
0.125974
0.127524
0.127448
0.112363
0.110411
0.1186
0.119775
0.113325
0.111136
0.112481
0.112037
0.114919
0.106676
0.114838
0.121028
0.112724
0.105754
0.110412
0.110915
0.114021
0.106034
0.118183
0.198028
0.124076
0.135933
0.121683
0.121619
0.12174
0.117171
0.13535
0.134583
0.12221
0.119506
0.124477
0.116292
0.119004
0.126266
0.111766
0.109518
0.117829
0.117488
0.114295
0.11466
0.125977
0.113372
0.120901
0.117949
0.123549
0.117233
0.114047
0.120861
0.118833
0.121962
0.169877
0.114646
0.121081
0.123701
0.126454
0.125275
0.132045
0.108632
0.114435
0.113346
0.110857
0.107388
0.115827
0.133372
0.141884
0.134488
0.12552
0.118612
0.129344
0.118729
0.12301
0.116237
0.113241
0.117085
0.12038
0.112933
0.11384
0.128
0.110041
0.105965
0.116384
0.118727
0.125684
0.116541
0.113543
0.116804
0.11382
0.138928
0.147492
0.128213
0.135476
0.134843
0.135769
0.148532
0.158859
0.139189
0.13493
0.135255
0.140155
0.129056
0.120999
0.12009
0.133342
0.137749
0.150235
0.189201
0.164609
0.156926
0.202688
0.177242
0.113408
0.109589
0.11363
0.113754
0.108489
0.100626
0.103402
0.0993903
0.102533
0.102792
0.103851
0.105382
0.109999
0.111231
0.103761
0.105171
0.101822
0.100923
0.104315
0.103711
0.100124
0.0981185
0.0930616
0.0941565
0.0951087
0.100068
0.10136
0.0866801
0.0926159
0.0903981
0.0986367
0.0973361
0.100875
0.103159
0.102993
0.100635
0.101974
0.0988974
0.0982477
0.0939557
0.0980946
0.0942617
0.0986906
0.0959124
0.0982897
0.0919108
0.092635
0.0921126
0.102367
0.10183
0.103398
0.102468
0.102094
0.0974319
0.10261
0.113011
0.111933
0.110532
0.109169
0.10159
0.101201
0.0996695
0.108872
0.106086
0.104405
0.103805
0.101355
0.0999452
0.102683
0.0984322
0.102826
0.106574
0.100351
0.100042
0.0969375
0.0966382
0.104659
0.103333
0.102259
0.100989
0.0993274
0.10035
0.100869
0.105061
0.112997
0.105509
0.10889
0.108469
0.14705
0.0973894
0.0978708
0.0983706
0.0979171
0.0934037
0.0966705
0.0967483
0.101262
0.0956678
0.102783
0.099161
0.0927923
0.0893935
0.0891345
0.08714
0.0847615
0.0889352
0.0859022
0.0877293
0.0915396
0.0931116
0.0942489
0.0875873
0.0951916
0.0908414
0.0923316
0.092678
0.093883
0.106108
0.102436
0.12227
0.0944637
0.0932444
0.0971503
0.0891111
0.0878863
0.0899869
0.091242
0.0939793
0.0910617
0.0900085
0.0916564
0.0875984
0.0938521
0.093102
0.0941481
0.0917906
0.0965178
0.0923049
0.0941593
0.0913555
0.0968304
0.0930583
0.0892476
0.0867201
0.0880005
0.0924154
0.090441
0.0925196
0.103846
0.102268
0.138193
0.0934355
0.0979224
0.100318
0.0995407
0.0951612
0.0964408
0.0936326
0.0947401
0.0933292
0.0931191
0.0898917
0.0945203
0.0958153
0.0965265
0.0956717
0.0923512
0.0938275
0.0958213
0.0950782
0.100419
0.0958063
0.0990866
0.0921902
0.0944217
0.094762
0.0933913
0.096482
0.0977571
0.115712
0.109009
0.15846
0.105443
0.101124
0.105229
0.10375
0.106264
0.101037
0.10913
0.101922
0.104761
0.103803
0.105078
0.0999963
0.102719
0.0991173
0.101769
0.0980093
0.102891
0.0992862
0.100586
0.100707
0.104605
0.103196
0.104765
0.103709
0.105174
0.107552
0.110782
0.110814
0.121741
0.130401
0.137781
0.117234
0.116141
0.107809
0.108229
0.105672
0.108794
0.106249
0.109558
0.10793
0.111578
0.10731
0.109818
0.106768
0.110059
0.106125
0.108893
0.103844
0.106161
0.106278
0.105741
0.107547
0.107781
0.111955
0.111188
0.109457
0.107672
0.105973
0.110953
0.130744
0.121775
0.165584
0.110704
0.109342
0.112397
0.112536
0.110469
0.106781
0.108332
0.109752
0.109009
0.109921
0.113223
0.105056
0.107804
0.113781
0.114674
0.114499
0.108354
0.106336
0.116808
0.115906
0.108321
0.103407
0.1068
0.105495
0.109739
0.112096
0.107183
0.106295
0.129395
0.128192
0.19979
0.107334
0.107825
0.107651
0.108805
0.111236
2.4e-07
